% Lateral model of VFW 614

Alat = [
    -0.4956,  1.9243, -0.1206,    0.0;
    -0.9795,  -0.193,  0.0963, 0.1055;
      2.107, -5.5049, -3.3388,    0.0;
        0.0,     0.0,     1.0,    0.0
];

Blat = [
    -0.4515, -1.318;
        0.0, 0.0362;
     -9.498, 1.9929;
        0.0,    0.0
];